# Column 1: x_values vector in Angstrom
# Column 2: FWHM (y_values) at the respective wavelength (x_values) in Angstrom
# Generated based on processing <OUTPUT_DIR>/example.fits
# Statistics: slope: 0.0003155744876241261, intercept:0.340968597042292,r_value:0.7795691933431846, p_value:0.0, std_err:8.136630701857193e-07 
900.0000	0.6250
1000.0000	0.6565
1100.0000	0.6881
1200.0000	0.7197
1300.0000	0.7512
1400.0000	0.7828
1500.0000	0.8143
1600.0000	0.8459
1700.0000	0.8774
1800.0000	0.9090
1900.0000	0.9406
2000.0000	0.9721
2100.0000	1.0037
2200.0000	1.0352
2300.0000	1.0668
2400.0000	1.0983
2500.0000	1.1299
2600.0000	1.1615
2700.0000	1.1930
2800.0000	1.2246
2900.0000	1.2561
3000.0000	1.2877
3100.0000	1.3192
3200.0000	1.3508
3300.0000	1.3824
3400.0000	1.4139
3500.0000	1.4455
3600.0000	1.4770
3700.0000	1.5086
3800.0000	1.5402
3900.0000	1.5717
4000.0000	1.6033
4100.0000	1.6348
4200.0000	1.6664
4300.0000	1.6979
4400.0000	1.7295
4500.0000	1.7611
4600.0000	1.7926
4700.0000	1.8242
4800.0000	1.8557
4900.0000	1.8873
5000.0000	1.9188
5100.0000	1.9504
5200.0000	1.9820
5300.0000	2.0135
5400.0000	2.0451
5500.0000	2.0766
5600.0000	2.1082
5700.0000	2.1397
5800.0000	2.1713
5900.0000	2.2029
6000.0000	2.2344
6100.0000	2.2660
6200.0000	2.2975
6300.0000	2.3291
6400.0000	2.3606
6500.0000	2.3922
6600.0000	2.4238
6700.0000	2.4553
6800.0000	2.4869
6900.0000	2.5184
7000.0000	2.5500
7100.0000	2.5815
7200.0000	2.6131
7300.0000	2.6447
7400.0000	2.6762
7500.0000	2.7078
7600.0000	2.7393
7700.0000	2.7709
7800.0000	2.8024
7900.0000	2.8340
8000.0000	2.8656
8100.0000	2.8971
8200.0000	2.9287
8300.0000	2.9602
8400.0000	2.9918
8500.0000	3.0234
8600.0000	3.0549
8700.0000	3.0865
8800.0000	3.1180
8900.0000	3.1496
9000.0000	3.1811
9100.0000	3.2127
9200.0000	3.2443
9300.0000	3.2758
9400.0000	3.3074
9500.0000	3.3389
9600.0000	3.3705
9700.0000	3.4020
9800.0000	3.4336
9900.0000	3.4652
10000.0000	3.4967
