# Column 1: x_values vector in Angstrom
# Column 2: FWHM (y_values) at the respective wavelength (x_values) in Angstrom
# Generated based on processing <OUTPUT_DIR>/example.fits
# Statistics: slope: 0.00011928425383520038, intercept:-0.08709287673963095,r_value:0.8603357338875717, p_value:0.0, std_err:2.623191714771156e-07 
900.0000	0.0203
1000.0000	0.0322
1100.0000	0.0441
1200.0000	0.0560
1300.0000	0.0680
1400.0000	0.0799
1500.0000	0.0918
1600.0000	0.1038
1700.0000	0.1157
1800.0000	0.1276
1900.0000	0.1395
2000.0000	0.1515
2100.0000	0.1634
2200.0000	0.1753
2300.0000	0.1873
2400.0000	0.1992
2500.0000	0.2111
2600.0000	0.2230
2700.0000	0.2350
2800.0000	0.2469
2900.0000	0.2588
3000.0000	0.2708
3100.0000	0.2827
3200.0000	0.2946
3300.0000	0.3065
3400.0000	0.3185
3500.0000	0.3304
3600.0000	0.3423
3700.0000	0.3543
3800.0000	0.3662
3900.0000	0.3781
4000.0000	0.3900
4100.0000	0.4020
4200.0000	0.4139
4300.0000	0.4258
4400.0000	0.4378
4500.0000	0.4497
4600.0000	0.4616
4700.0000	0.4735
4800.0000	0.4855
4900.0000	0.4974
5000.0000	0.5093
5100.0000	0.5213
5200.0000	0.5332
5300.0000	0.5451
5400.0000	0.5570
5500.0000	0.5690
5600.0000	0.5809
5700.0000	0.5928
5800.0000	0.6048
5900.0000	0.6167
6000.0000	0.6286
6100.0000	0.6405
6200.0000	0.6525
6300.0000	0.6644
6400.0000	0.6763
6500.0000	0.6883
6600.0000	0.7002
6700.0000	0.7121
6800.0000	0.7240
6900.0000	0.7360
7000.0000	0.7479
7100.0000	0.7598
7200.0000	0.7718
7300.0000	0.7837
7400.0000	0.7956
7500.0000	0.8075
7600.0000	0.8195
7700.0000	0.8314
7800.0000	0.8433
7900.0000	0.8553
8000.0000	0.8672
8100.0000	0.8791
8200.0000	0.8910
8300.0000	0.9030
8400.0000	0.9149
8500.0000	0.9268
8600.0000	0.9388
8700.0000	0.9507
8800.0000	0.9626
8900.0000	0.9745
9000.0000	0.9865
9100.0000	0.9984
9200.0000	1.0103
9300.0000	1.0223
9400.0000	1.0342
9500.0000	1.0461
9600.0000	1.0580
9700.0000	1.0700
9800.0000	1.0819
9900.0000	1.0938
10000.0000	1.1057
