# Column 1: x_values vector in Angstrom
# Column 2: FWHM (y_values) at the respective wavelength (x_values) in Angstrom
# Generated based on processing <CAL_DIR>/wave_3075228.fit,<CAL_DIR>/wave_3075227.fit
# Statistics: slope: 6.029392289401207e-05, intercept:-0.012891342198330769,r_value:0.6970081564131332, p_value:0.0, std_err:3.4085339228249693e-07 
900.0000	0.0414
1000.0000	0.0474
1100.0000	0.0534
1200.0000	0.0595
1300.0000	0.0655
1400.0000	0.0715
1500.0000	0.0775
1600.0000	0.0836
1700.0000	0.0896
1800.0000	0.0956
1900.0000	0.1017
2000.0000	0.1077
2100.0000	0.1137
2200.0000	0.1198
2300.0000	0.1258
2400.0000	0.1318
2500.0000	0.1378
2600.0000	0.1439
2700.0000	0.1499
2800.0000	0.1559
2900.0000	0.1620
3000.0000	0.1680
3100.0000	0.1740
3200.0000	0.1800
3300.0000	0.1861
3400.0000	0.1921
3500.0000	0.1981
3600.0000	0.2042
3700.0000	0.2102
3800.0000	0.2162
3900.0000	0.2223
4000.0000	0.2283
4100.0000	0.2343
4200.0000	0.2403
4300.0000	0.2464
4400.0000	0.2524
4500.0000	0.2584
4600.0000	0.2645
4700.0000	0.2705
4800.0000	0.2765
4900.0000	0.2825
5000.0000	0.2886
5100.0000	0.2946
5200.0000	0.3006
5300.0000	0.3067
5400.0000	0.3127
5500.0000	0.3187
5600.0000	0.3248
5700.0000	0.3308
5800.0000	0.3368
5900.0000	0.3428
6000.0000	0.3489
6100.0000	0.3549
6200.0000	0.3609
6300.0000	0.3670
6400.0000	0.3730
6500.0000	0.3790
6600.0000	0.3850
6700.0000	0.3911
6800.0000	0.3971
6900.0000	0.4031
7000.0000	0.4092
7100.0000	0.4152
7200.0000	0.4212
7300.0000	0.4273
7400.0000	0.4333
7500.0000	0.4393
7600.0000	0.4453
7700.0000	0.4514
7800.0000	0.4574
7900.0000	0.4634
8000.0000	0.4695
8100.0000	0.4755
8200.0000	0.4815
8300.0000	0.4875
8400.0000	0.4936
8500.0000	0.4996
8600.0000	0.5056
8700.0000	0.5117
8800.0000	0.5177
8900.0000	0.5237
9000.0000	0.5298
9100.0000	0.5358
9200.0000	0.5418
9300.0000	0.5478
9400.0000	0.5539
9500.0000	0.5599
9600.0000	0.5659
9700.0000	0.5720
9800.0000	0.5780
9900.0000	0.5840
10000.0000	0.5900
