# Column 1: x_values vector in Angstrom
# Column 2: FWHM (y_values) at the respective wavelength (x_values) in Angstrom
# Generated based on processing <OUTPUT_DIR>/example.fits
# Statistics: slope: 0.00010573025326805845, intercept:-0.029046337010683043,r_value:0.6332641859780045, p_value:0.0, std_err:4.892367847029767e-07 
900.0000	0.0661
1000.0000	0.0767
1100.0000	0.0873
1200.0000	0.0978
1300.0000	0.1084
1400.0000	0.1190
1500.0000	0.1295
1600.0000	0.1401
1700.0000	0.1507
1800.0000	0.1613
1900.0000	0.1718
2000.0000	0.1824
2100.0000	0.1930
2200.0000	0.2036
2300.0000	0.2141
2400.0000	0.2247
2500.0000	0.2353
2600.0000	0.2459
2700.0000	0.2564
2800.0000	0.2670
2900.0000	0.2776
3000.0000	0.2881
3100.0000	0.2987
3200.0000	0.3093
3300.0000	0.3199
3400.0000	0.3304
3500.0000	0.3410
3600.0000	0.3516
3700.0000	0.3622
3800.0000	0.3727
3900.0000	0.3833
4000.0000	0.3939
4100.0000	0.4044
4200.0000	0.4150
4300.0000	0.4256
4400.0000	0.4362
4500.0000	0.4467
4600.0000	0.4573
4700.0000	0.4679
4800.0000	0.4785
4900.0000	0.4890
5000.0000	0.4996
5100.0000	0.5102
5200.0000	0.5208
5300.0000	0.5313
5400.0000	0.5419
5500.0000	0.5525
5600.0000	0.5630
5700.0000	0.5736
5800.0000	0.5842
5900.0000	0.5948
6000.0000	0.6053
6100.0000	0.6159
6200.0000	0.6265
6300.0000	0.6371
6400.0000	0.6476
6500.0000	0.6582
6600.0000	0.6688
6700.0000	0.6793
6800.0000	0.6899
6900.0000	0.7005
7000.0000	0.7111
7100.0000	0.7216
7200.0000	0.7322
7300.0000	0.7428
7400.0000	0.7534
7500.0000	0.7639
7600.0000	0.7745
7700.0000	0.7851
7800.0000	0.7956
7900.0000	0.8062
8000.0000	0.8168
8100.0000	0.8274
8200.0000	0.8379
8300.0000	0.8485
8400.0000	0.8591
8500.0000	0.8697
8600.0000	0.8802
8700.0000	0.8908
8800.0000	0.9014
8900.0000	0.9120
9000.0000	0.9225
9100.0000	0.9331
9200.0000	0.9437
9300.0000	0.9542
9400.0000	0.9648
9500.0000	0.9754
9600.0000	0.9860
9700.0000	0.9965
9800.0000	1.0071
9900.0000	1.0177
10000.0000	1.0283
