# Column 1: x_values vector in Angstrom
# Column 2: FWHM (y_values) at the respective wavelength (x_values) in Angstrom
# Generated based on processing <OUTPUT_DIR>/example.fits
# Statistics: slope: 0.00032719813822093086, intercept:0.28435126949736445,r_value:0.2408384318701267, p_value:0.0, std_err:4.256639800921059e-06 
900.0000	0.5788
1000.0000	0.6115
1100.0000	0.6443
1200.0000	0.6770
1300.0000	0.7097
1400.0000	0.7424
1500.0000	0.7751
1600.0000	0.8079
1700.0000	0.8406
1800.0000	0.8733
1900.0000	0.9060
2000.0000	0.9387
2100.0000	0.9715
2200.0000	1.0042
2300.0000	1.0369
2400.0000	1.0696
2500.0000	1.1023
2600.0000	1.1351
2700.0000	1.1678
2800.0000	1.2005
2900.0000	1.2332
3000.0000	1.2659
3100.0000	1.2987
3200.0000	1.3314
3300.0000	1.3641
3400.0000	1.3968
3500.0000	1.4295
3600.0000	1.4623
3700.0000	1.4950
3800.0000	1.5277
3900.0000	1.5604
4000.0000	1.5931
4100.0000	1.6259
4200.0000	1.6586
4300.0000	1.6913
4400.0000	1.7240
4500.0000	1.7567
4600.0000	1.7895
4700.0000	1.8222
4800.0000	1.8549
4900.0000	1.8876
5000.0000	1.9203
5100.0000	1.9531
5200.0000	1.9858
5300.0000	2.0185
5400.0000	2.0512
5500.0000	2.0839
5600.0000	2.1167
5700.0000	2.1494
5800.0000	2.1821
5900.0000	2.2148
6000.0000	2.2475
6100.0000	2.2803
6200.0000	2.3130
6300.0000	2.3457
6400.0000	2.3784
6500.0000	2.4111
6600.0000	2.4439
6700.0000	2.4766
6800.0000	2.5093
6900.0000	2.5420
7000.0000	2.5747
7100.0000	2.6075
7200.0000	2.6402
7300.0000	2.6729
7400.0000	2.7056
7500.0000	2.7383
7600.0000	2.7711
7700.0000	2.8038
7800.0000	2.8365
7900.0000	2.8692
8000.0000	2.9019
8100.0000	2.9347
8200.0000	2.9674
8300.0000	3.0001
8400.0000	3.0328
8500.0000	3.0655
8600.0000	3.0983
8700.0000	3.1310
8800.0000	3.1637
8900.0000	3.1964
9000.0000	3.2291
9100.0000	3.2619
9200.0000	3.2946
9300.0000	3.3273
9400.0000	3.3600
9500.0000	3.3927
9600.0000	3.4255
9700.0000	3.4582
9800.0000	3.4909
9900.0000	3.5236
10000.0000	3.5563
